100 8416 26035 8614 25040 8416 24860 9406 27739 8713 25130 9109 26125 9010 27509 9604 27009 8911 26816 8515 25462 8812 26595 8614 26576 8713 23368 8713 20841 9406 21821 9208 22364 9802 23320 8119 22322 8812 22398 9208 23983 9406 24307 9010 24343 9505 23366 8515 22889 7822 21828 9505 21483 8515 21394 9802 26893 8317 25442 9406 27130 9505 27994 6634 22453 9208 26527 8119 24828 9703 26840 8218 25677 7723 24252 8713 25827 8713 25823 9109 26661 
200 38209 90689 35821 93379 38209 89994 34030 92948 34826 92262 37811 93154 37413 152279 37811 92396 36816 93951 36020 89384 38010 94703 35622 86292 34826 88353 36020 94259 35622 92505 37413 92749 38010 95794 36816 97380 36219 93866 39602 98418 36020 89407 35224 90040 37413 90106 38806 89408 36816 91576 36418 89847 36020 91993 38607 94772 36418 91574 39005 98705 35821 91294 38408 95909 37214 95696 38010 94833 39204 103126 35025 89175 36020 95172 35025 89074 36219 97356 36617 93794 
300 87010 195982 84618 194765 85515 191947 79834 179223 82824 155445 85814 167502 87010 164849 88804 160664 86113 163263 77442 157246 85515 165723 79834 164638 79535 170756 85814 167283 87309 188646 85515 182351 86113 192109 87608 192947 88505 197686 85814 199749 83422 196705 83422 197485 81927 184521 84020 184943 86113 217771 70266 181931 82824 184715 83422 193548 84319 194702 77741 186209 87608 185135 81927 192653 81927 181065 81329 187382 85515 195955 85216 193322 85814 186416 86711 250459 84917 192790 84020 164884 
400 150025 275529 155611 287364 153616 309998 153217 328103 147232 300148 148030 275069 151621 307296 148828 299715 144439 279310 152818 286195 147232 288278 152818 343279 146833 322207 147232 426539 143641 338575 152020 334981 150823 373941 149626 321222 154015 312964 148429 284045 142045 304591 140050 318481 156808 273992 150823 285711 141646 275730 151621 283553 150025 277152 149626 280522 142444 270368 157606 274886 156409 280635 153217 327147 148429 270311 154015 289930 152020 283908 159202 276089 148030 290540 145237 289783 142444 388228 152419 509027 
500 239521 492651 243014 427197 245010 505701 240020 429840 242515 431137 240519 411003 241517 418991 243513 423791 240020 433310 245509 406082 242515 419022 240519 414564 242515 423252 243014 403311 238523 429774 242515 426197 228543 416334 237026 418432 233034 413008 234032 421770 243014 417204 238523 419722 238024 433519 237026 405181 239521 419218 229042 411020 225050 465664 243014 436363 229042 418097 223553 419278 234531 417930 243513 459441 233533 420593 231537 412631 228044 432314 239022 526110 231537 406980 227545 395190 242016 424839 225050 517888 
600 354010 608061 340832 662982 351015 589939 338436 600709 338436 585307 354010 592164 348020 574146 316273 567912 353411 588373 348619 587085 345025 580635 346223 569685 328852 581893 352812 607223 331248 582447 337238 584722 344426 602756 340832 613518 355807 598938 354609 583452 349817 570325 336639 620839 345025 593928 344426 599140 344426 670390 358203 584402 343827 653640 355807 648546 340233 575959 340832 576840 336639 585945 356406 698107 322862 571131 340832 584126 350416 569784 331248 560189 338436 577857 336639 571157 312080 565131 342629 594939 
700 480214 783276 473224 765319 470428 762232 478816 804841 464836 784498 480214 757203 464137 795464 440371 757153 464836 962097 473923 1042569 480913 1159929 466933 946566 468331 819285 452254 759121 464137 774135 476020 845604 441769 727567 477418 776501 481612 773945 465535 769272 471127 777949 475321 771179 477418 786600 475321 815198 480913 781636 473923 778443 473224 801215 463438 794758 465535 939942 479515 762414 449458 864400 470428 878630 471127 871168 455749 752591 433381 732251 470428 758328 462739 756085 459244 739728 475321 835153 464836 783963 
800 603246 1004687 612035 983918 622422 965255 627216 1017028 604045 991433 602447 991259 608040 1030020 586467 1106520 628015 1058362 606442 968361 616829 1030211 618427 963109 632809 957877 606442 984122 612035 993717 615231 980176 630412 1057724 614432 967899 624819 946588 619226 1017491 609638 967785 615231 979331 630412 1213901 588864 1125568 600849 978977 634407 1123026 608839 982162 612035 986028 629613 951262 614432 993019 633608 981432 580874 969210 629613 999438 624020 1015760 621623 979760 623221 971880 624020 1033100 584070 971264 626417 1004766 622422 978060 
900 790222 1214080 767747 1315994 792919 1175706 774040 1233290 776737 1236467 804606 1221817 769545 1185786 805505 1216293 797414 1213240 781232 1304880 762353 1210737 762353 1219463 778535 1189357 779434 1182817 789323 1196435 765949 1310963 771343 1297232 787525 1649519 762353 1286131 771343 1196899 790222 1503689 798313 1489176 756959 1552015 779434 1556717 771343 1380722 806404 1287526 798313 1283937 789323 1299088 804606 1227937 804606 1213502 756060 1183328 780333 1210099 786626 1223742 782131 1209046 802808 1214014 779434 1196707 792020 1192768 797414 1230806 794717 1235987 782131 1226394 
1000 969031 1579213 957043 1461783 990010 1451683 969031 1425259 976024 1438466 964036 1466212 935065 1431202 971029 1479676 962038 1460595 977023 1477587 963037 1436437 983017 1605780 920080 1447024 964036 1459198 930070 1431144 997003 1440313 963037 1453928 976024 1476450 924076 1487962 981019 1460428 953047 1456140 971029 1463211 928072 1584474 962038 1469151 971029 1440495 959041 1878102 937063 1538493 944056 1455240 967033 1438324 946054 1431209 961039 1413739 932068 1440965 982018 1441120 933067 1509169 959041 1485920 971029 1471780 915085 1415316 966034 1443491 988012 1505058 934066 1456565 
1100 1159446 1754097 1179228 1739642 1194614 1735415 1138565 1752831 1178129 1882096 1157248 1761097 1136367 1739048 1138565 1741192 1126476 1743638 1158347 1756243 1177030 1737484 1146258 1709879 1179228 1757572 1161644 1859140 1122080 1718198 1203406 1788334 1164941 1758551 1104496 1739539 1173733 1740625 1201208 1755017 1160545 1892941 1114387 1710552 1163842 1769155 1135268 1854337 1170436 1738840 1195713 1733968 1185822 1760701 1159446 1728446 1170436 1732519 1155050 1695449 1179228 1751804 1178129 1766850 1175931 1886433 1177030 1721750 1194614 1773197 1160545 1746623 1171535 1736330 1151753 1705751 1120981 1700862 1146258 1711242 
1200 1365662 2013590 1336886 2105302 1426811 2050298 1390841 2043318 1375254 2047205 1378851 2052898 1407627 2025321 1375254 2022261 1384846 2024686 1332090 2077694 1418418 2091303 1407627 2051064 1345279 2028581 1420816 2454066 1371657 2444341 1374055 2453119 1329692 2408582 1411224 2132925 1395637 2407993 1368060 2442768 1407627 2469485 1340483 2419371 1320100 2372647 1393239 2447810 1419617 2176628 1410025 2048683 1382448 2019036 1388443 2036250 1417219 2110165 1389642 2060760 1434005 2072754 1413622 2043413 1401632 2155397 1358468 2033723 1389642 2032698 1383647 2073471 1382448 2037820 1404030 2322477 1381249 2312555 1395637 2333023 
